#MATRIX_SIZE : 2048
#START : dimanche 13 mai 2012, 17:03:09 (UTC+0200)
#num_iteration	ydim_gpu	speedup
set zlabel "accélération"
1	0	9.5155164
1	64	8.8861142
1	128	8.5292648
1	192	6.1264366
1	256	6.7793066
1	320	8.080294
1	384	6.5439522
1	448	5.3719486
1	512	7.3445224
1	576	2.5375302
1	640	8.0208688
1	704	8.0918496
1	768	7.6657688
1	832	6.997029
1	896	4.5760802
1	960	5.9445236
1	1024	6.6310876
1	1088	5.5924056
1	1152	9.6349578
1	1216	4.603434
1	1280	8.0482146
1	1344	7.6503568
1	1408	8.0115222
1	1472	6.3954856
1	1536	5.7655646
1	1600	7.1782908
1	1664	6.273746
1	1728	3.9998244
1	1792	6.465704
1	1856	1.9429194
1	1920	7.9209202
1	1984	2.2514468
1	2048	5.8830646
2	0	6.5797684
2	64	4.573934
2	128	0.7558612
2	192	4.273944
2	256	7.2854326
2	320	6.7620416
2	384	5.5415216
2	448	6.0225494
2	512	6.2847232
2	576	1.20277
2	640	6.9419892
2	704	5.6579736
2	768	4.8880278
2	832	6.890172
2	896	4.1488934
2	960	4.958435
2	1024	5.7002696
2	1088	5.4058928
2	1152	5.2599888
2	1216	4.655909
2	1280	6.8423052
2	1344	5.6449212
2	1408	5.6836352
2	1472	4.5066738
2	1536	1.0483882
2	1600	4.5024818
2	1664	4.8641538
2	1728	4.1467088
2	1792	3.962936
2	1856	5.2005354
2	1920	4.1163644
2	1984	4.1248842
2	2048	5.0640304
3	0	4.675344
3	64	5.3996242
3	128	3.4901088
3	192	4.8466478
3	256	4.9073794
3	320	7.1851582
3	384	5.7487198
3	448	5.9860478
3	512	5.5423486
3	576	5.5574632
3	640	6.423347
3	704	6.0259616
3	768	7.9668718
3	832	8.7389656
3	896	10.0858804
3	960	8.2601128
3	1024	9.1743092
3	1088	0
3	1152	8.848523
3	1216	7.1423692
3	1280	8.0397058
3	1344	7.3637392
3	1408	5.2219788
3	1472	4.9123612
3	1536	6.303881
3	1600	5.7439598
3	1664	4.9024692
3	1728	0.7428392
3	1792	6.44867
3	1856	4.3705658
3	1920	5.1709286
3	1984	5.8555296
3	2048	4.922205
4	0	1.5928572
4	64	3.720403
4	128	4.4133688
4	192	5.356776
4	256	0
4	320	4.3968004
4	384	2.5518202
4	448	6.1389516
4	512	5.7665306
4	576	2.9320336
4	640	6.3332004
4	704	4.9171536
4	768	5.9610296
4	832	4.401305
4	896	7.8862834
4	960	7.1249476
4	1024	7.104221
4	1088	7.1063822
4	1152	5.469966
4	1216	6.1269856
4	1280	5.2757828
4	1344	3.3404208
4	1408	5.5950438
4	1472	3.7737764
4	1536	4.2099734
4	1600	1.0109816
4	1664	4.6678858
4	1728	5.1695548
4	1792	4.560454
4	1856	0
4	1920	5.5050238
4	1984	0.8267236
4	2048	3.7244304
5	0	0
5	64	6.5622874
5	128	6.2168234
5	192	7.1239088
5	256	6.9776152
5	320	8.4770344
5	384	7.5215266
5	448	7.3245836
5	512	7.0465336
5	576	7.908697
5	640	9.2050988
5	704	6.9852882
5	768	9.9778436
5	832	5.7389442
5	896	10.4224398
5	960	6.6392164
5	1024	7.3330632
5	1088	5.7785872
5	1152	6.5991526
5	1216	5.529081
5	1280	7.262125
5	1344	5.0014016
5	1408	4.8497132
5	1472	6.2619418
5	1536	5.3212376
5	1600	5.9467992
5	1664	6.292815
5	1728	5.694965
5	1792	5.2880912
5	1856	3.1874432
5	1920	6.0365556
5	1984	5.1953112
5	2048	4.345571
6	0	4.944533
6	64	4.6907436
6	128	4.5521398
6	192	5.4647554
6	256	5.3628556
6	320	5.8161118
6	384	6.2189766
6	448	6.3861094
6	512	5.9160498
6	576	7.3812042
6	640	6.5479038
6	704	6.7294412
6	768	0
6	832	6.644934
6	896	7.5497624
6	960	1.6215698
6	1024	6.2430782
6	1088	5.3124868
6	1152	6.1618182
6	1216	5.2777052
6	1280	5.344209
6	1344	5.1916892
6	1408	4.6736022
6	1472	5.423695
6	1536	4.0726686
6	1600	4.928353
6	1664	4.4490608
6	1728	4.3494362
6	1792	4.3579334
6	1856	4.6730738
6	1920	4.2663194
6	1984	4.1337932
6	2048	2.5132764
7	0	5.0163926
7	64	6.5118422
7	128	6.011772
7	192	4.9828002
7	256	6.5743436
7	320	7.858614
7	384	6.0932748
7	448	4.6667422
7	512	5.5970862
7	576	6.5001542
7	640	6.2595262
7	704	7.8190384
7	768	9.7387982
7	832	5.6101454
7	896	8.3825588
7	960	7.0992526
7	1024	9.2466522
7	1088	5.751098
7	1152	7.1166796
7	1216	6.5925872
7	1280	6.0760394
7	1344	5.646419
7	1408	3.9286944
7	1472	6.6584306
7	1536	5.0768446
7	1600	6.4606502
7	1664	5.7312834
7	1728	5.2184612
7	1792	5.5961648
7	1856	5.0120122
7	1920	2.247644
7	1984	5.927253
7	2048	4.1796924
8	0	4.8096064
8	64	5.8636964
8	128	5.2942814
8	192	5.4359758
8	256	5.6959418
8	320	6.134029
8	384	5.9841014
8	448	2.5675798
8	512	6.7980722
8	576	6.7838324
8	640	7.0074518
8	704	1.5033394
8	768	3.17249
8	832	8.0512468
8	896	0
8	960	5.2940568
8	1024	6.8527616
8	1088	6.8843792
8	1152	6.5029254
8	1216	6.483115
8	1280	4.6203612
8	1344	5.3262634
8	1408	5.110187
8	1472	4.7578562
8	1536	4.219086
8	1600	4.1505284
8	1664	4.0457928
8	1728	4.2762192
8	1792	4.0377202
8	1856	4.219728
8	1920	3.8701356
8	1984	4.0562178
8	2048	3.8084906
9	0	4.4635506
9	64	6.2589074
9	128	4.9984918
9	192	5.825256
9	256	7.1611394
9	320	7.6682362
9	384	7.4695552
9	448	8.631341
9	512	5.1979096
9	576	5.2344034
9	640	8.2218828
9	704	10.0375478
9	768	6.252828
9	832	10.2216512
9	896	8.1699724
9	960	8.1294938
9	1024	1.803124
9	1088	7.6498256
9	1152	6.9189984
9	1216	7.0636318
9	1280	6.7293726
9	1344	6.6386174
9	1408	6.4270682
9	1472	6.6068996
9	1536	4.9418406
9	1600	4.735606
9	1664	5.8712078
9	1728	4.7885956
9	1792	3.9112092
9	1856	5.2885398
9	1920	4.5209544
9	1984	4.5266338
9	2048	4.5286728
10	0	4.7413434
10	64	4.7479344
10	128	4.9831698
10	192	5.8582692
10	256	4.3435926
10	320	4.5216584
10	384	5.4186226
10	448	4.4186074
10	512	4.429731
10	576	7.2133772
10	640	5.9270826
10	704	7.1129648
10	768	7.5897774
10	832	5.623388
10	896	8.0321288
10	960	6.503261
10	1024	4.8426336
10	1088	6.3118768
10	1152	5.0085244
10	1216	5.4229694
10	1280	5.7208722
10	1344	4.5316988
10	1408	4.7630616
10	1472	4.1433502
10	1536	5.0182012
10	1600	5.0137506
10	1664	3.8077966
10	1728	4.0794344
10	1792	4.5413366
10	1856	4.4096952
10	1920	4.269323
10	1984	5.6846372
10	2048	5.1292448
11	0	6.7420312
11	64	4.530946
11	128	5.4599176
11	192	5.570381
11	256	6.5472326
11	320	6.7338064
11	384	7.601955
11	448	7.5926716
11	512	6.62115
11	576	6.0052602
11	640	8.3485578
11	704	7.5535722
11	768	6.9227568
11	832	7.6910874
11	896	7.3691516
11	960	8.457928
11	1024	7.8152358
11	1088	8.0835774
11	1152	3.1183682
11	1216	5.1517504
11	1280	7.0689258
11	1344	6.7639122
11	1408	4.0857338
11	1472	5.0357934
11	1536	4.7521824
11	1600	3.7503364
11	1664	4.5973646
11	1728	4.7286304
11	1792	2.7310038
11	1856	4.4617596
11	1920	4.034742
11	1984	4.3724342
11	2048	0.9375646
12	0	2.2011736
12	64	4.2543096
12	128	4.2505784
12	192	5.552173
12	256	4.2743246
12	320	4.7395532
12	384	6.7358636
12	448	6.7133786
12	512	5.3149238
12	576	5.2254714
12	640	6.2440704
12	704	4.0718016
12	768	7.8521182
12	832	5.9596148
12	896	7.4917238
12	960	5.6293626
12	1024	5.6518422
12	1088	6.6004888
12	1152	6.63436
12	1216	6.3249786
12	1280	5.7999178
12	1344	5.5610954
12	1408	5.6282116
12	1472	4.1164334
12	1536	4.9339686
12	1600	4.6941204
12	1664	0
12	1728	4.3507932
12	1792	5.4305836
12	1856	4.2065738
12	1920	6.1729038
12	1984	4.3645984
12	2048	4.0353656
13	0	5.7945466
13	64	5.979228
13	128	5.540781
13	192	5.723547
13	256	5.4140294
13	320	6.8872984
13	384	4.7960018
13	448	6.6804
13	512	7.3527034
13	576	5.2817434
13	640	7.1804256
13	704	3.283578
13	768	7.5185894
13	832	5.9782678
13	896	6.5329132
13	960	7.7484016
13	1024	4.684261
13	1088	7.3475644
13	1152	1.8170526
13	1216	7.111452
13	1280	6.109253
13	1344	6.4768234
13	1408	4.5368432
13	1472	5.9180962
13	1536	4.5764382
13	1600	4.7994192
13	1664	5.1948382
13	1728	3.8945706
13	1792	4.267321
13	1856	4.9029374
13	1920	4.371367
13	1984	4.2112988
13	2048	0
14	0	4.5605586
14	64	4.5580916
14	128	4.1315568
14	192	5.0023662
14	256	6.0853866
14	320	6.2814818
14	384	6.5002528
14	448	5.7001218
14	512	7.328652
14	576	3.074751
14	640	0
14	704	6.4757368
14	768	7.3272896
14	832	4.9619302
14	896	7.0725628
14	960	3.0482966
14	1024	6.7524998
14	1088	6.4746828
14	1152	6.2860168
14	1216	5.6109614
14	1280	5.865073
14	1344	2.25856
14	1408	5.512887
14	1472	5.016337
14	1536	6.3795972
14	1600	2.2028686
14	1664	4.1648138
14	1728	4.4388492
14	1792	5.9344638
14	1856	4.6560222
14	1920	5.9629004
14	1984	3.8790808
14	2048	2.3602706
15	0	5.9390994
15	64	5.9081172
15	128	5.151656
15	192	5.3038644
15	256	5.018892
15	320	6.7691538
15	384	6.2007378
15	448	7.1001052
15	512	8.1009606
15	576	5.8997178
15	640	6.8945284
15	704	9.0512854
15	768	4.9341314
15	832	9.0570326
15	896	4.724444
15	960	2.0468206
15	1024	7.5214956
15	1088	7.5098198
15	1152	4.3477094
15	1216	6.5303758
15	1280	3.7154964
15	1344	4.6251934
15	1408	4.2393618
15	1472	4.885836
15	1536	4.9263296
15	1600	5.0270978
15	1664	5.1436712
15	1728	4.782905
15	1792	4.328043
15	1856	3.7046286
15	1920	5.3699514
15	1984	5.4616618
15	2048	4.3229684
16	0	5.6593368
16	64	4.7745186
16	128	5.4423786
16	192	5.3648746
16	256	6.1587388
16	320	5.7131092
16	384	5.952182
16	448	6.9933642
16	512	6.4885698
16	576	7.6891102
16	640	1.5979434
16	704	8.1557372
16	768	7.7525086
16	832	1.5802682
16	896	7.361064
16	960	5.871345
16	1024	6.8490744
16	1088	5.3101552
16	1152	3.8128774
16	1216	5.7865662
16	1280	4.2121072
16	1344	5.0911624
16	1408	4.2976168
16	1472	5.4983628
16	1536	4.6947752
16	1600	4.6564538
16	1664	4.1866972
16	1728	4.7607322
16	1792	4.0629248
16	1856	4.0704734
16	1920	3.4665526
16	1984	3.5947262
16	2048	4.4656988
17	0	5.833779
17	64	4.6931654
17	128	4.5879724
17	192	4.6609652
17	256	5.9419906
17	320	6.2225266
17	384	7.3325156
17	448	5.1201168
17	512	7.262136
17	576	5.5349862
17	640	8.0447044
17	704	1.3202758
17	768	7.6891546
17	832	6.5897622
17	896	7.0445568
17	960	2.9082298
17	1024	7.1962876
17	1088	6.6842148
17	1152	6.6152008
17	1216	6.3503376
17	1280	5.5056638
17	1344	5.463289
17	1408	5.313986
17	1472	5.187133
17	1536	3.1813064
17	1600	5.0916274
17	1664	4.9021798
17	1728	3.8142038
17	1792	4.3759032
17	1856	4.2014694
17	1920	3.911868
17	1984	4.110299
17	2048	3.8429426
18	0	4.3251962
18	64	4.2577702
18	128	4.6002936
18	192	5.1473118
18	256	5.8968726
18	320	6.095518
18	384	6.3867956
18	448	4.7342704
18	512	5.9367448
18	576	5.8332054
18	640	6.0796284
18	704	4.9238238
18	768	7.5260234
18	832	7.3156026
18	896	7.6353154
18	960	6.5814422
18	1024	6.5654952
18	1088	6.1412292
18	1152	5.8472704
18	1216	5.8359266
18	1280	5.6350376
18	1344	5.1335502
18	1408	5.090046
18	1472	4.8316564
18	1536	4.6926566
18	1600	4.3385806
18	1664	4.323108
18	1728	4.258873
18	1792	4.0105594
18	1856	4.0228154
18	1920	3.8687616
18	1984	3.700995
18	2048	3.7004784
19	0	4.2222044
19	64	5.6210794
19	128	3.373314
19	192	5.8191608
19	256	4.5864232
19	320	5.289698
19	384	5.2490642
19	448	7.3503218
19	512	5.6957136
19	576	7.895384
19	640	7.3370342
19	704	9.0553296
19	768	8.2829012
19	832	7.1157056
19	896	8.201666
19	960	8.0167654
19	1024	6.8690176
19	1088	5.8204104
19	1152	6.5082824
19	1216	5.660256
19	1280	5.8831124
19	1344	5.6533766
19	1408	3.4024936
19	1472	5.1698444
19	1536	5.2008946
19	1600	4.8536256
19	1664	4.1531668
19	1728	4.4449134
19	1792	4.3061086
19	1856	4.322505
19	1920	3.9625486
19	1984	4.1030198
19	2048	3.0717424
20	0	5.135099
20	64	4.5301496
20	128	4.3164832
20	192	5.2257674
20	256	1.188727
20	320	5.6872
20	384	6.4480946
20	448	6.9479966
20	512	7.054271
20	576	7.4401788
20	640	5.7765352
20	704	8.1575976
20	768	7.0417174
20	832	7.4948014
20	896	7.5346876
20	960	6.8205102
20	1024	6.6509388
20	1088	7.3148298
20	1152	5.9864334
20	1216	6.004366
20	1280	5.449799
20	1344	5.2725354
20	1408	5.3205858
20	1472	4.9238586
20	1536	4.7951586
20	1600	4.4225508
20	1664	4.3881906
20	1728	4.8349834
20	1792	4.4514304
20	1856	3.8440784
20	1920	4.101861
20	1984	3.3695446
20	2048	3.7683606
21	0	5.3715864
21	64	4.3350668
21	128	5.5999928
21	192	6.154405
21	256	6.4037624
21	320	6.814345
21	384	5.8912668
21	448	4.7113242
21	512	7.843056
21	576	7.8474662
21	640	7.9137344
21	704	7.6650854
21	768	7.853214
21	832	7.8574924
21	896	7.917848
21	960	7.4920776
21	1024	5.9976674
21	1088	5.2594338
21	1152	5.7623824
21	1216	6.075586
21	1280	5.8021688
21	1344	5.9727576
21	1408	5.2882914
21	1472	6.4510178
21	1536	4.6930638
21	1600	6.9631324
21	1664	4.7184162
21	1728	6.1867424
21	1792	4.2155048
21	1856	5.6442642
21	1920	3.9545364
21	1984	3.8340504
21	2048	3.8735788
22	0	5.0439344
22	64	4.0823758
22	128	4.9392902
22	192	5.0876574
22	256	5.8309984
22	320	4.6695164
22	384	5.4308418
22	448	5.0754842
22	512	6.776741
22	576	4.4899496
22	640	4.1048738
22	704	8.021171
22	768	5.6363102
22	832	7.483638
22	896	6.7531012
22	960	6.888083
22	1024	5.2380756
22	1088	6.1124752
22	1152	5.58841
22	1216	5.2841082
22	1280	4.3274356
22	1344	4.4666222
22	1408	4.8043674
22	1472	4.6830986
22	1536	4.5157912
22	1600	5.0177952
22	1664	0
22	1728	5.3038552
22	1792	3.9770886
22	1856	3.854908
22	1920	4.278737
22	1984	2.8905564
22	2048	3.543421
23	0	5.2904366
23	64	5.4775988
23	128	5.1951386
23	192	5.5643302
23	256	5.0353448
23	320	6.7153986
23	384	4.0444834
23	448	7.4803374
23	512	7.202738
23	576	5.7956998
23	640	8.415671
23	704	7.886225
23	768	8.4301636
23	832	7.8000202
23	896	4.0284976
23	960	7.4351836
23	1024	4.5103088
23	1088	6.6817144
23	1152	5.027796
23	1216	6.0326314
23	1280	5.269866
23	1344	4.5112764
23	1408	5.095579
23	1472	4.9323834
23	1536	4.6620234
23	1600	4.8931472
23	1664	4.4789708
23	1728	5.6918226
23	1792	4.0451914
23	1856	6.0948776
23	1920	3.9119868
23	1984	6.5428738
23	2048	3.821888
24	0	4.9348154
24	64	5.0125868
24	128	4.9368766
24	192	1.1234718
24	256	5.38707
24	320	6.0038594
24	384	4.9870862
24	448	6.8985412
24	512	2.7497902
24	576	7.3116638
24	640	5.0669372
24	704	6.7916538
24	768	4.7945262
24	832	7.3104542
24	896	5.9748938
24	960	6.8774844
24	1024	6.401056
24	1088	4.601831
24	1152	5.8702458
24	1216	4.652106
24	1280	5.2081218
24	1344	4.0406652
24	1408	5.0023358
24	1472	4.6966018
24	1536	4.5950704
24	1600	4.7692478
24	1664	4.1469948
24	1728	4.9114006
24	1792	3.9892662
24	1856	5.0926268
24	1920	3.1182824
24	1984	5.4623142
24	2048	3.5009872
25	0	5.3594636
25	64	5.4971512
25	128	5.575977
25	192	5.8259968
25	256	5.9873002
25	320	6.7277932
25	384	1.3974832
25	448	7.223308
25	512	4.073249
25	576	5.205344
25	640	7.7371182
25	704	5.406871
25	768	8.5801698
25	832	5.5474032
25	896	7.7527086
25	960	4.3363014
25	1024	6.6812392
25	1088	4.6740492
25	1152	6.4429486
25	1216	4.422097
25	1280	5.8556374
25	1344	4.365609
25	1408	4.4241346
25	1472	4.9683842
25	1536	4.8347718
25	1600	4.741356
25	1664	3.5135926
25	1728	4.1306234
25	1792	4.027541
25	1856	5.4628226
25	1920	3.8523258
25	1984	5.4079906
25	2048	3.7905944
26	0	6.925035
26	64	3.8411094
26	128	6.231979
26	192	5.5500678
26	256	5.7148014
26	320	5.9821406
26	384	6.501
26	448	5.809715
26	512	7.060304
26	576	7.3296586
26	640	7.0417496
26	704	8.2181128
26	768	8.030825
26	832	7.264219
26	896	5.9058126
26	960	2.680837
26	1024	4.4766944
26	1088	6.1585188
26	1152	4.6296816
26	1216	4.0027938
26	1280	4.261
26	1344	5.1680978
26	1408	4.7046222
26	1472	4.6704458
26	1536	4.5000624
26	1600	4.3110258
26	1664	4.153906
26	1728	3.9441132
26	1792	3.8853666
26	1856	3.0933742
26	1920	3.6886152
26	1984	3.529122
26	2048	3.4862988
27	0	5.1439076
27	64	5.4737414
27	128	5.2703936
27	192	5.80384
27	256	6.0884724
27	320	6.1932546
27	384	6.6754546
27	448	7.098865
27	512	7.5104178
27	576	7.8347676
27	640	8.1511528
27	704	8.6593604
27	768	7.528992
27	832	6.8184552
27	896	6.659066
27	960	7.4368318
27	1024	6.8729204
27	1088	6.710531
27	1152	6.183872
27	1216	5.6992512
27	1280	5.6160526
27	1344	5.5385404
27	1408	4.4262102
27	1472	5.0673292
27	1536	4.7261698
27	1600	4.694541
27	1664	4.5186234
27	1728	4.2342076
27	1792	3.506859
27	1856	3.304989
27	1920	3.8425598
27	1984	3.823916
27	2048	3.775675
28	0	4.960402
28	64	4.0457222
28	128	5.1491834
28	192	5.1787168
28	256	5.599259
28	320	5.9276182
28	384	6.1503968
28	448	6.7918508
28	512	7.1042296
28	576	7.1342116
28	640	7.741714
28	704	8.4221714
28	768	7.8107438
28	832	7.352185
28	896	6.9922686
28	960	6.8150616
28	1024	6.4008748
28	1088	5.4896794
28	1152	5.7836482
28	1216	5.543064
28	1280	5.2947436
28	1344	5.109979
28	1408	4.7623002
28	1472	4.684222
28	1536	4.4643696
28	1600	4.2238076
28	1664	4.2240818
28	1728	3.8886812
28	1792	3.8704774
28	1856	3.7391768
28	1920	3.5941216
28	1984	3.39376
28	2048	3.4351122
29	0	4.3688656
29	64	4.987514
29	128	4.5444836
29	192	5.4875198
29	256	6.178234
29	320	6.2676318
29	384	7.0214888
29	448	6.4951744
29	512	7.3380502
29	576	7.8609926
29	640	7.8434548
29	704	8.3294958
29	768	8.3579156
29	832	6.6322756
29	896	7.390988
29	960	7.4108076
29	1024	5.705409
29	1088	6.6616582
29	1152	6.3059184
29	1216	4.7690468
29	1280	5.2388238
29	1344	5.478935
29	1408	5.2393604
29	1472	4.269496
29	1536	4.826525
29	1600	4.3794316
29	1664	3.7262504
29	1728	3.9605606
29	1792	3.9433226
29	1856	4.0570898
29	1920	3.8949238
29	1984	3.7818258
29	2048	3.7250242
30	0	4.8620188
30	64	4.8332936
30	128	5.1166908
30	192	3.5336488
30	256	5.8049988
30	320	6.1904108
30	384	6.450805
30	448	6.7628994
30	512	7.0283122
30	576	7.2705516
30	640	7.8365562
30	704	7.9964806
30	768	7.69818
30	832	6.2725976
30	896	7.1708634
30	960	6.8085504
30	1024	6.4614358
30	1088	4.8706352
30	1152	4.6563526
30	1216	5.5206184
30	1280	5.3405224
30	1344	5.0514488
30	1408	4.8944862
30	1472	4.5803
30	1536	4.4192754
30	1600	4.2384076
30	1664	3.4683538
30	1728	4.0889394
30	1792	3.8983884
30	1856	3.7756734
30	1920	3.662383
30	1984	3.4941894
30	2048	3.4269854
31	0	5.034947
31	64	4.6959606
31	128	5.1431898
31	192	5.7958456
31	256	5.9439524
31	320	6.4073736
31	384	6.7855736
31	448	7.2986502
31	512	7.3732894
31	576	7.8215374
31	640	8.2271982
31	704	8.555375
31	768	7.981013
31	832	7.7804102
31	896	7.3838814
31	960	7.14728
31	1024	6.4722198
31	1088	6.5974228
31	1152	6.0813808
31	1216	5.6229462
31	1280	5.6821704
31	1344	4.2830106
31	1408	4.3111018
31	1472	4.1101512
31	1536	3.883208
31	1600	3.7965906
31	1664	2.9922972
31	1728	4.2756022
31	1792	4.0300924
31	1856	3.7911242
31	1920	3.1263286
31	1984	3.745485
31	2048	3.6912372
32	0	4.117676
32	64	4.69563
32	128	4.95272
32	192	4.564094
32	256	5.698996
32	320	4.9578588
32	384	6.4139804
32	448	6.6392926
32	512	6.4538738
32	576	7.265781
32	640	8.0138146
32	704	6.6840306
32	768	7.9364166
32	832	7.4671064
32	896	7.0610736
32	960	6.6642084
32	1024	6.4204852
32	1088	5.7329318
32	1152	5.8709418
32	1216	5.5564392
32	1280	5.3917232
32	1344	4.9590864
32	1408	4.5580334
32	1472	4.59946
32	1536	4.478161
32	1600	4.2493836
32	1664	4.1157292
32	1728	4.0291298
32	1792	3.770145
32	1856	3.716119
32	1920	3.0233884
32	1984	3.4753292
32	2048	3.5112246
33	0	5.1353128
33	64	4.965384
33	128	5.1344602
33	192	5.7770288
33	256	6.2296512
33	320	6.4322496
33	384	6.6885892
33	448	7.063812
33	512	7.6265242
33	576	7.0256836
33	640	8.134761
33	704	8.4151162
33	768	8.414421
33	832	7.818357
33	896	7.6618914
33	960	7.0612564
33	1024	6.719174
33	1088	6.5020118
33	1152	5.8767324
33	1216	5.8887716
33	1280	5.6291312
33	1344	4.9856574
33	1408	5.1222304
33	1472	4.946834
33	1536	4.624972
33	1600	4.409564
33	1664	4.2890002
33	1728	4.0783498
33	1792	4.0978546
33	1856	3.8352678
33	1920	3.69525
33	1984	3.7188418
33	2048	3.7868212
34	0	4.7650076
34	64	4.827092
34	128	4.2047918
34	192	4.6457074
34	256	5.5065496
34	320	5.8404104
34	384	5.9961808
34	448	6.8004784
34	512	7.0840788
34	576	7.2348516
34	640	7.5612686
34	704	8.1534192
34	768	7.8816176
34	832	7.452085
34	896	7.0671644
34	960	6.7368438
34	1024	6.372915
34	1088	6.063383
34	1152	5.8459428
34	1216	4.4797644
34	1280	5.1486366
34	1344	5.0000112
34	1408	4.7759304
34	1472	4.583194
34	1536	4.4770618
34	1600	4.252525
34	1664	4.0986756
34	1728	3.8828116
34	1792	3.80636
34	1856	3.6417296
34	1920	3.4561946
34	1984	3.4684768
34	2048	3.5554386
35	0	5.1180444
35	64	4.9701042
35	128	5.3037812
35	192	5.6142146
35	256	5.9669528
35	320	6.310849
35	384	6.3877058
35	448	7.2665524
35	512	7.3942116
35	576	7.7578032
35	640	8.34956
35	704	8.8428978
35	768	7.937125
35	832	6.1199916
35	896	7.3364558
35	960	7.0533064
35	1024	6.4870014
35	1088	6.4899696
35	1152	5.9443566
35	1216	5.7032462
35	1280	5.3234528
35	1344	5.3521446
35	1408	4.0867896
35	1472	4.8005994
35	1536	4.7199134
35	1600	4.3149364
35	1664	4.36575
35	1728	4.2126662
35	1792	3.9578364
35	1856	3.7362164
35	1920	3.7395012
35	1984	3.7025212
35	2048	3.237185
36	0	4.690971
36	64	3.6953346
36	128	5.1865936
36	192	5.485382
36	256	5.8449074
36	320	6.2328406
36	384	6.300705
36	448	6.704338
36	512	7.0422842
36	576	5.6566716
36	640	7.854367
36	704	7.4368756
36	768	7.8100728
36	832	7.3941564
36	896	6.7752806
36	960	6.7210732
36	1024	6.3531356
36	1088	5.9531242
36	1152	5.7126678
36	1216	5.3923608
36	1280	5.2867332
36	1344	4.86983
36	1408	4.7677854
36	1472	4.6468914
36	1536	4.3638578
36	1600	3.9031918
36	1664	4.0192908
36	1728	3.930674
36	1792	3.8111148
36	1856	3.6955532
36	1920	3.5865074
36	1984	3.4606304
36	2048	3.514127
37	0	5.075044
37	64	4.2576732
37	128	4.7110578
37	192	5.6657646
37	256	6.0291122
37	320	6.023106
37	384	6.8350628
37	448	6.9201394
37	512	7.6999728
37	576	7.3792328
37	640	8.232563
37	704	8.6596952
37	768	8.0678262
37	832	6.3185608
37	896	7.6378702
37	960	6.0309372
37	1024	5.4693818
37	1088	5.1506254
37	1152	5.9799224
37	1216	5.5664
37	1280	5.1762426
37	1344	5.3100516
37	1408	5.091482
37	1472	4.0581542
37	1536	4.5742974
37	1600	4.5073164
37	1664	4.3012714
37	1728	3.4331996
37	1792	3.910042
37	1856	3.8315992
37	1920	3.7927248
37	1984	3.514703
37	2048	3.6225202
38	0	4.8877214
38	64	4.7764398
38	128	5.1188304
38	192	3.861284
38	256	5.7890918
38	320	6.2501084
38	384	6.4271316
38	448	6.8788316
38	512	7.1763022
38	576	7.3692396
38	640	7.7390908
38	704	7.503897
38	768	7.649189
38	832	7.3609872
38	896	7.1930466
38	960	6.7352604
38	1024	6.4457572
38	1088	5.9373804
38	1152	5.7691168
38	1216	5.3687194
38	1280	5.265194
38	1344	5.0452174
38	1408	4.688229
38	1472	4.5636872
38	1536	4.2908386
38	1600	4.2100902
38	1664	4.1116538
38	1728	3.9806948
38	1792	3.8477078
38	1856	3.0554028
38	1920	3.554091
38	1984	3.4454792
38	2048	3.4855254
39	0	4.3020538
39	64	5.043921
39	128	5.5673022
39	192	5.6320712
39	256	5.6767182
39	320	6.4328056
39	384	6.441287
39	448	7.0573946
39	512	7.2629922
39	576	6.7444516
39	640	7.886079
39	704	8.735784
39	768	8.378422
39	832	7.3388726
39	896	7.0309622
39	960	7.0217686
39	1024	7.006095
39	1088	6.4177614
39	1152	5.5520736
39	1216	5.6312934
39	1280	5.2755946
39	1344	5.1369968
39	1408	5.054232
39	1472	4.6792838
39	1536	4.5983548
39	1600	4.3812328
39	1664	4.3163296
39	1728	3.9948956
39	1792	3.1791054
39	1856	3.7730264
39	1920	3.6958138
39	1984	2.5401852
39	2048	3.0534796
40	0	4.5433868
40	64	4.0208684
40	128	4.9224212
40	192	5.4201232
40	256	5.8253322
40	320	6.1590502
40	384	6.3183542
40	448	6.823335
40	512	7.140682
40	576	7.2623376
40	640	7.7308284
40	704	8.2522446
40	768	6.8425822
40	832	7.5335582
40	896	6.9973214
40	960	6.7429146
40	1024	5.5205096
40	1088	6.0022116
40	1152	4.7412426
40	1216	5.3290122
40	1280	5.2332724
40	1344	4.9590732
40	1408	4.748162
40	1472	4.5484904
40	1536	4.3606852
40	1600	4.1554906
40	1664	4.1032186
40	1728	3.8205196
40	1792	3.8311512
40	1856	3.613291
40	1920	3.5837352
40	1984	3.396408
40	2048	3.4394378
41	0	5.1171444
41	64	5.0376028
41	128	5.1168048
41	192	5.5949658
41	256	6.0953552
41	320	6.1891342
41	384	5.9195066
41	448	7.0287572
41	512	7.270836
41	576	7.3792596
41	640	8.8984744
41	704	6.5840264
41	768	8.1340954
41	832	7.6827096
41	896	7.5181514
41	960	6.7909986
41	1024	6.4271038
41	1088	5.8851458
41	1152	5.9241768
41	1216	5.6272538
41	1280	5.2003438
41	1344	5.0581852
41	1408	4.8296138
41	1472	4.8070564
41	1536	4.5342464
41	1600	3.7132304
41	1664	4.1218838
41	1728	4.0637286
41	1792	3.8392564
41	1856	3.8659482
41	1920	3.6920064
41	1984	3.6329542
41	2048	3.6030856
42	0	4.9283846
42	64	4.8796626
42	128	4.412268
42	192	5.2349074
42	256	5.3777908
42	320	6.0359164
42	384	6.4714662
42	448	6.8255568
42	512	7.2325234
42	576	7.3335796
42	640	7.6549568
42	704	7.969104
42	768	7.6946954
42	832	6.9546914
42	896	7.1578048
42	960	6.492451
42	1024	5.2474762
42	1088	4.8583684
42	1152	4.7416306
42	1216	5.3562278
42	1280	5.1799132
42	1344	3.7987142
42	1408	4.701133
42	1472	4.4906036
42	1536	4.4137868
42	1600	4.1970002
42	1664	4.0870524
42	1728	3.9512668
42	1792	3.0618298
42	1856	3.4928284
42	1920	3.504462
42	1984	3.4379624
42	2048	2.9759864
43	0	5.0617376
43	64	5.081491
43	128	5.0772604
43	192	5.6383068
43	256	4.8611662
43	320	6.0705358
43	384	6.6126134
43	448	5.928035
43	512	7.4493124
43	576	7.7170156
43	640	8.266663
43	704	6.593076
43	768	8.272178
43	832	6.8806364
43	896	7.3499826
43	960	6.7695032
43	1024	6.558936
43	1088	6.3420184
43	1152	5.897529
43	1216	5.5970344
43	1280	5.473196
43	1344	5.1289342
43	1408	4.9799784
43	1472	4.7956818
43	1536	4.6042678
43	1600	4.3483556
43	1664	4.0246576
43	1728	4.0372092
43	1792	3.4054058
43	1856	3.8720306
43	1920	3.7303098
43	1984	3.503014
43	2048	3.5164144
44	0	5.0497064
44	64	4.7609462
44	128	4.7854308
44	192	5.4252232
44	256	5.804936
44	320	6.0570922
44	384	6.450786
44	448	6.808553
44	512	7.1960178
44	576	7.4650086
44	640	7.9399402
44	704	6.7032118
44	768	6.8910196
44	832	7.2486712
44	896	4.44339
44	960	6.5292138
44	1024	6.2922558
44	1088	5.8963464
44	1152	5.6670738
44	1216	4.463555
44	1280	5.2239324
44	1344	4.9925168
44	1408	4.641268
44	1472	4.6240604
44	1536	4.311326
44	1600	4.2469776
44	1664	2.928396
44	1728	3.952528
44	1792	3.57739
44	1856	3.6942112
44	1920	3.4970544
44	1984	3.405852
44	2048	3.1275546
45	0	5.0629268
45	64	5.2592554
45	128	5.2822198
45	192	5.2110298
45	256	6.0648904
45	320	6.2153338
45	384	6.5716496
45	448	7.0459502
45	512	7.5347424
45	576	7.6135328
45	640	7.3962846
45	704	8.7446472
45	768	8.2202088
45	832	7.7094404
45	896	7.443113
45	960	6.923902
45	1024	6.4290384
45	1088	4.7031002
45	1152	5.7635378
45	1216	4.8916012
45	1280	5.2321056
45	1344	4.989349
45	1408	4.7357676
45	1472	4.7784782
45	1536	3.6255288
45	1600	3.6477488
45	1664	4.1864144
45	1728	3.5375356
45	1792	3.9709126
45	1856	3.8357532
45	1920	3.7069724
45	1984	3.5338248
45	2048	3.5712908
46	0	4.803365
46	64	4.1604168
46	128	4.9779708
46	192	5.4475516
46	256	5.70856
46	320	6.0470036
46	384	6.4123222
46	448	6.8463048
46	512	7.198959
46	576	7.3109624
46	640	7.9344136
46	704	6.7154498
46	768	7.5550646
46	832	7.332172
46	896	6.742866
46	960	5.5142992
46	1024	6.223396
46	1088	5.9700098
46	1152	5.669444
46	1216	5.4043944
46	1280	5.118556
46	1344	4.985958
46	1408	4.7589734
46	1472	4.5351228
46	1536	4.3094486
46	1600	4.1396338
46	1664	3.9987828
46	1728	3.900542
46	1792	3.5753844
46	1856	3.5571476
46	1920	3.4817734
46	1984	3.4240664
46	2048	3.5030444
47	0	5.0951278
47	64	4.8005548
47	128	3.3606496
47	192	5.4270068
47	256	5.8309828
47	320	6.1153966
47	384	5.8249194
47	448	7.1762434
47	512	7.548369
47	576	6.284538
47	640	7.9805852
47	704	6.841551
47	768	8.253828
47	832	7.5203298
47	896	7.2893636
47	960	6.8799
47	1024	6.6109212
47	1088	6.2795408
47	1152	5.8608166
47	1216	5.6628368
47	1280	5.1184066
47	1344	5.0920204
47	1408	4.8679936
47	1472	4.7576854
47	1536	4.5618446
47	1600	3.5784948
47	1664	4.1580848
47	1728	3.994305
47	1792	3.9533842
47	1856	3.8272314
47	1920	3.6997706
47	1984	3.489237
47	2048	2.9826142
48	0	4.8710484
48	64	3.9419178
48	128	5.089794
48	192	5.178069
48	256	5.3042798
48	320	6.17021
48	384	6.3184614
48	448	6.735929
48	512	7.246673
48	576	7.510193
48	640	7.9239006
48	704	8.331511
48	768	7.8695434
48	832	7.4333408
48	896	7.047726
48	960	6.5060486
48	1024	4.629421
48	1088	5.9804972
48	1152	5.605346
48	1216	5.3407384
48	1280	5.146865
48	1344	4.613026
48	1408	4.7091144
48	1472	4.5189842
48	1536	4.3182322
48	1600	3.4135014
48	1664	4.0830214
48	1728	3.930374
48	1792	3.7496732
48	1856	3.6297604
48	1920	3.293621
48	1984	3.4065736
48	2048	3.1956672
49	0	5.007816
49	64	5.1907128
49	128	5.4235478
49	192	5.5572144
49	256	5.968846
49	320	6.2994896
49	384	6.523482
49	448	6.928499
49	512	7.1788172
49	576	7.970744
49	640	8.1501508
49	704	8.4305882
49	768	8.1097272
49	832	7.3768214
49	896	7.2781336
49	960	7.0042826
49	1024	6.3485096
49	1088	6.1380548
49	1152	5.8434698
49	1216	5.5399292
49	1280	4.9470516
49	1344	4.981277
49	1408	4.770302
49	1472	4.4895684
49	1536	4.5510272
49	1600	4.394864
49	1664	4.058938
49	1728	4.0108956
49	1792	3.8723404
49	1856	3.852766
49	1920	3.6923012
49	1984	3.5145352
49	2048	3.6094182
50	0	4.8654458
50	64	4.7956754
50	128	5.0892416
50	192	5.2018114
50	256	5.8640206
50	320	6.109949
50	384	6.4514568
50	448	6.721707
50	512	7.1235204
50	576	6.1392118
50	640	7.8928136
50	704	8.1730352
50	768	7.7543944
50	832	6.0664568
50	896	7.0082138
50	960	5.32634
50	1024	6.2946466
50	1088	5.996716
50	1152	5.6419232
50	1216	5.1305856
50	1280	5.1338484
50	1344	4.2370716
50	1408	4.6934002
50	1472	4.177892
50	1536	3.615679
50	1600	4.2123174
50	1664	4.0693744
50	1728	3.924269
50	1792	3.6500398
50	1856	3.6316698
50	1920	3.5149438
50	1984	3.4593214
50	2048	3.4245742
51	0	4.6730188
51	64	4.4348666
51	128	5.109707
51	192	5.5732814
51	256	5.692359
51	320	6.3163416
51	384	6.7964052
51	448	7.1920376
51	512	7.2145358
51	576	7.5844496
51	640	7.9816704
51	704	8.56958
51	768	8.0123
51	832	7.525693
51	896	7.0936258
51	960	6.814263
51	1024	4.473772
51	1088	6.2221358
51	1152	5.7256154
51	1216	5.6287138
51	1280	5.205565
51	1344	5.0586378
51	1408	4.7529948
51	1472	4.6481956
51	1536	3.7767666
51	1600	4.2917816
51	1664	4.0845866
51	1728	4.0035544
51	1792	3.8010494
51	1856	3.7281372
51	1920	3.041812
51	1984	2.8554524
51	2048	3.6113852
52	0	4.8965354
52	64	3.8898394
52	128	5.0842908
52	192	5.4487168
52	256	5.705313
52	320	6.0455514
52	384	6.2126518
52	448	5.8170892
52	512	7.031139
52	576	7.4905956
52	640	7.963542
52	704	8.1897556
52	768	7.5420016
52	832	7.3377914
52	896	6.898303
52	960	6.637873
52	1024	6.3144252
52	1088	4.864661
52	1152	5.655259
52	1216	5.1676446
52	1280	4.9788124
52	1344	4.8030356
52	1408	4.7407414
52	1472	4.108192
52	1536	4.372876
52	1600	4.1996598
52	1664	4.0138104
52	1728	3.9125226
52	1792	3.7637912
52	1856	3.6010614
52	1920	3.470011
52	1984	3.3444738
52	2048	3.4176806
53	0	5.0785814
53	64	4.7306562
53	128	4.332625
53	192	5.3676286
53	256	4.8135434
53	320	6.4431322
53	384	6.4814842
53	448	7.1178684
53	512	7.2116946
53	576	7.8844954
53	640	8.0799964
53	704	8.4190778
53	768	8.022986
53	832	7.7104138
53	896	7.2323194
53	960	6.8065992
53	1024	6.5414278
53	1088	6.1010602
53	1152	5.8952704
53	1216	5.617638
53	1280	5.0373676
53	1344	4.1472982
53	1408	4.8264278
53	1472	4.5595268
53	1536	4.3778798
53	1600	4.2624494
53	1664	4.1308764
53	1728	3.922236
53	1792	3.8351138
53	1856	3.3137156
53	1920	3.584357
53	1984	3.4966044
53	2048	2.9538712
54	0	3.9716918
54	64	4.8223714
54	128	4.1875172
54	192	5.2329398
54	256	5.8465988
54	320	6.070933
54	384	6.4375918
54	448	6.7221606
54	512	7.0914932
54	576	7.380521
54	640	7.8911884
54	704	8.340646
54	768	7.7195238
54	832	7.3554734
54	896	5.7103072
54	960	6.6124412
54	1024	6.1515606
54	1088	5.8753532
54	1152	4.5934042
54	1216	4.5342686
54	1280	5.1538966
54	1344	3.980719
54	1408	4.7390614
54	1472	4.4098724
54	1536	4.352026
54	1600	4.15377
54	1664	3.9749856
54	1728	3.9181588
54	1792	3.7386638
54	1856	3.586683
54	1920	2.9480832
54	1984	3.3754018
54	2048	3.4648532
55	0	4.803561
55	64	4.9159252
55	128	4.478172
55	192	5.5009824
55	256	5.6303976
55	320	6.0342634
55	384	6.494543
55	448	5.5592826
55	512	6.954009
55	576	7.6179488
55	640	7.9571304
55	704	8.477557
55	768	8.1314324
55	832	7.608468
55	896	7.148188
55	960	6.7857256
55	1024	6.2231822
55	1088	6.126137
55	1152	5.8806508
55	1216	4.6149638
55	1280	5.252174
55	1344	5.0205048
55	1408	5.0895442
55	1472	4.4945572
55	1536	4.507816
55	1600	3.5759282
55	1664	4.1814912
55	1728	3.8273356
55	1792	3.913945
55	1856	3.7163896
55	1920	3.6469588
55	1984	3.4913752
55	2048	3.585322
56	0	4.7914366
56	64	4.81164
56	128	4.9449706
56	192	5.390938
56	256	5.685843
56	320	6.03689
56	384	6.5563292
56	448	6.7530566
56	512	7.113032
56	576	7.4537614
56	640	7.7886794
56	704	8.2603724
56	768	6.1594604
56	832	5.9758726
56	896	7.0007712
56	960	5.798176
56	1024	6.1753652
56	1088	5.8367358
56	1152	5.6161014
56	1216	5.299737
56	1280	4.91829
56	1344	4.8520998
56	1408	4.6778976
56	1472	4.5207064
56	1536	4.3267346
56	1600	3.8304976
56	1664	3.9787042
56	1728	3.839137
56	1792	3.7723714
56	1856	3.6068734
56	1920	2.9550962
56	1984	3.395844
56	2048	3.4731208
57	0	5.3170746
57	64	4.048442
57	128	4.2564384
57	192	5.4644716
57	256	5.8922506
57	320	6.2763598
57	384	6.5887092
57	448	7.0961068
57	512	7.2750128
57	576	6.8850122
57	640	7.9855054
57	704	8.4504784
57	768	8.1484554
57	832	7.5674854
57	896	7.0583896
57	960	6.7927712
57	1024	6.3122822
57	1088	5.8902136
57	1152	5.7757432
57	1216	5.5041724
57	1280	5.3031008
57	1344	4.8637576
57	1408	4.7792968
57	1472	4.5789828
57	1536	4.3603012
57	1600	4.3355248
57	1664	4.0541796
57	1728	4.049828
57	1792	3.2416366
57	1856	3.1537416
57	1920	3.6370528
57	1984	2.9018526
57	2048	3.5727254
58	0	4.784447
58	64	4.871244
58	128	4.850012
58	192	5.3601866
58	256	5.6808138
58	320	6.081743
58	384	6.3514284
58	448	6.7160466
58	512	7.0143466
58	576	6.198694
58	640	7.9322704
58	704	8.2624482
58	768	7.6380888
58	832	7.4154928
58	896	6.872382
58	960	6.642702
58	1024	6.1653288
58	1088	5.7173434
58	1152	5.5752514
58	1216	4.4238
58	1280	5.1585004
58	1344	4.8836422
58	1408	4.680432
58	1472	4.4788066
58	1536	4.3163326
58	1600	3.8929004
58	1664	3.742097
58	1728	3.9013066
58	1792	3.7354918
58	1856	3.6392468
58	1920	3.5931964
58	1984	3.3594468
58	2048	3.4317448
59	0	3.9992806
59	64	4.7008966
59	128	5.3052754
59	192	5.4191262
59	256	5.903322
59	320	6.3068014
59	384	6.5439892
59	448	6.7112642
59	512	7.1305384
59	576	7.4783758
59	640	8.1089132
59	704	8.5873946
59	768	7.2114554
59	832	7.3009888
59	896	7.0594068
59	960	6.878448
59	1024	6.492457
59	1088	5.9749202
59	1152	4.7080612
59	1216	5.5680564
59	1280	5.2361898
59	1344	5.0901106
59	1408	4.8025312
59	1472	4.5989618
59	1536	4.3590162
59	1600	4.2656842
59	1664	4.1067148
59	1728	3.9980872
59	1792	3.7498354
59	1856	3.689158
59	1920	3.5284312
59	1984	3.5055706
59	2048	3.5375916
60	0	4.787485
60	64	4.7406474
60	128	5.149462
60	192	5.3478326
60	256	5.7483046
60	320	5.9541384
60	384	6.3641004
60	448	6.765484
60	512	7.1152844
60	576	7.5894956
60	640	7.7281214
60	704	8.208349
60	768	7.7547508
60	832	6.0995952
60	896	6.9074882
60	960	6.486753
60	1024	6.2001586
60	1088	4.8996866
60	1152	5.5835622
60	1216	5.345809
60	1280	5.0152298
60	1344	4.820667
60	1408	3.095742
60	1472	4.518357
60	1536	4.2952668
60	1600	4.1868908
60	1664	3.9549286
60	1728	3.8300182
60	1792	3.7288518
60	1856	3.6105718
60	1920	3.494816
60	1984	3.4028418
60	2048	3.4190454
61	0	5.0551134
61	64	4.9728252
61	128	5.296585
61	192	5.460719
61	256	5.9694462
61	320	6.3426776
61	384	6.4644984
61	448	6.9254952
61	512	7.3360436
61	576	7.7420266
61	640	7.9862454
61	704	8.1584564
61	768	8.1484418
61	832	7.6548934
61	896	5.8338234
61	960	6.668981
61	1024	6.1926464
61	1088	5.8086722
61	1152	5.6624008
61	1216	5.3940112
61	1280	5.2284322
61	1344	4.9856976
61	1408	4.2992274
61	1472	4.503234
61	1536	4.4787184
61	1600	4.3040184
61	1664	4.0839992
61	1728	4.0112322
61	1792	3.8653168
61	1856	3.7015232
61	1920	3.5867814
61	1984	2.9626452
61	2048	3.5494764
62	0	4.7596974
62	64	4.7322932
62	128	5.0311824
62	192	4.391948
62	256	4.8076872
62	320	6.0985112
62	384	6.502819
62	448	6.7827926
62	512	7.0242444
62	576	7.2330534
62	640	7.8583418
62	704	8.2080876
62	768	7.7847192
62	832	6.090616
62	896	6.9557456
62	960	6.6284172
62	1024	6.2147092
62	1088	5.8880038
62	1152	5.6522588
62	1216	5.3296598
62	1280	5.0905718
62	1344	4.825473
62	1408	4.667888
62	1472	4.5019486
62	1536	4.3317054
62	1600	3.3987666
62	1664	3.9297002
62	1728	3.223652
62	1792	3.6989434
62	1856	3.5892704
62	1920	3.4952762
62	1984	3.4063748
62	2048	3.3981522
63	0	4.959789
63	64	4.7218578
63	128	4.2855706
63	192	4.4010038
63	256	6.0662952
63	320	6.2278476
63	384	6.6196558
63	448	6.9342298
63	512	7.180118
63	576	6.9967792
63	640	7.9605654
63	704	8.5427966
63	768	7.9061834
63	832	7.1813836
63	896	7.1661316
63	960	6.8155132
63	1024	6.3711394
63	1088	5.3490838
63	1152	4.7636162
63	1216	5.28552
63	1280	4.2871278
63	1344	4.6303352
63	1408	4.7136988
63	1472	4.3781708
63	1536	3.636209
63	1600	3.5020424
63	1664	4.034357
63	1728	3.996767
63	1792	3.8532082
63	1856	3.6760174
63	1920	3.6273142
63	1984	3.5149198
63	2048	3.5106996
64	0	4.847642
64	64	3.9209768
64	128	4.6498194
64	192	5.3453272
64	256	5.7022746
64	320	6.0316808
64	384	5.9172704
64	448	6.7149916
64	512	6.9122382
64	576	6.7234116
64	640	7.8166806
64	704	8.2580428
64	768	7.735065
64	832	7.3612298
64	896	6.918278
64	960	5.9390732
64	1024	6.1283034
64	1088	4.8742194
64	1152	5.608437
64	1216	4.3741656
64	1280	4.2202064
64	1344	4.2958674
64	1408	4.709436
64	1472	4.5036374
64	1536	4.3181028
64	1600	4.1024574
64	1664	4.0189038
64	1728	3.646949
64	1792	3.5522862
64	1856	3.6245702
64	1920	3.4844602
64	1984	3.3835056
64	2048	3.4373992
65	0	4.9190262
65	64	5.2740834
65	128	5.0510722
65	192	5.4232842
65	256	5.9857894
65	320	6.229941
65	384	6.6808506
65	448	7.028031
65	512	7.1931724
65	576	6.4655304
65	640	8.1234116
65	704	8.448815
65	768	6.3798956
65	832	7.3900512
65	896	7.1228172
65	960	6.2209934
65	1024	6.1890106
65	1088	5.061978
65	1152	5.7251044
65	1216	5.4687412
65	1280	5.1351214
65	1344	4.7678106
65	1408	4.8361216
65	1472	4.6325918
65	1536	4.3910798
65	1600	4.2879772
65	1664	4.08599
65	1728	3.9439598
65	1792	3.7472148
65	1856	3.6844716
65	1920	3.5647536
65	1984	3.4544354
65	2048	3.5175268
66	0	4.787369
66	64	4.8785578
66	128	4.8927268
66	192	5.3365088
66	256	5.6795972
66	320	6.071388
66	384	6.4173478
66	448	6.8136214
66	512	7.1179352
66	576	7.4963378
66	640	7.7368646
66	704	8.2824152
66	768	6.4584706
66	832	5.9718864
66	896	7.0065104
66	960	6.5738534
66	1024	6.2424106
66	1088	5.9319214
66	1152	3.946603
66	1216	4.6147512
66	1280	4.9140264
66	1344	4.7811462
66	1408	4.6497114
66	1472	4.4763674
66	1536	4.3231532
66	1600	4.1324168
66	1664	3.9819134
66	1728	3.8006484
66	1792	3.7396656
66	1856	3.6008786
66	1920	3.5179172
66	1984	3.3805278
66	2048	2.8237176
67	0	4.9349404
67	64	4.0117228
67	128	5.3967738
67	192	5.4702072
67	256	5.594548
67	320	6.1233706
67	384	5.5182614
67	448	6.8940612
67	512	5.944926
67	576	7.5437574
67	640	8.0345186
67	704	8.4236466
67	768	7.889012
67	832	7.5274262
67	896	6.8680934
67	960	6.8220156
67	1024	6.3698518
67	1088	6.0200696
67	1152	5.7344556
67	1216	5.4820922
67	1280	5.1666318
67	1344	4.0197134
67	1408	3.9119932
67	1472	4.5146796
67	1536	4.449219
67	1600	4.2174668
67	1664	3.4171546
67	1728	3.9819398
67	1792	3.7976614
67	1856	3.7193058
67	1920	3.5368774
67	1984	3.4874928
67	2048	3.5296794
68	0	4.7763704
68	64	4.8329714
68	128	5.0653184
68	192	4.3737228
68	256	5.700977
68	320	6.0459484
68	384	6.4905064
68	448	6.8106672
68	512	7.1513198
68	576	7.2443368
68	640	7.838801
68	704	8.1926368
68	768	7.8422402
68	832	7.3260028
68	896	6.8687126
68	960	6.5740042
68	1024	6.10344
68	1088	5.7694618
68	1152	5.6542588
68	1216	5.2680326
68	1280	5.0168914
68	1344	3.9517084
68	1408	4.6103948
68	1472	4.5033546
68	1536	4.280673
68	1600	4.1523182
68	1664	3.9380816
68	1728	3.8583982
68	1792	3.6876164
68	1856	3.533179
68	1920	3.528005
68	1984	3.348206
68	2048	2.936578
69	0	5.056629
69	64	4.7171104
69	128	4.7335278
69	192	5.5549792
69	256	5.6723654
69	320	6.1108088
69	384	6.2754382
69	448	6.800098
69	512	6.0367708
69	576	7.7076698
69	640	8.0200438
69	704	8.419644
69	768	7.9809158
69	832	7.302312
69	896	5.8869576
69	960	6.6896868
69	1024	5.0545498
69	1088	6.0911266
69	1152	5.7084962
69	1216	4.5156118
69	1280	4.69894
69	1344	4.8549278
69	1408	4.803816
69	1472	4.626966
69	1536	4.4387794
69	1600	4.1041644
69	1664	3.4203852
69	1728	3.9288776
69	1792	3.8389198
69	1856	3.7089606
69	1920	3.5594044
69	1984	3.4978588
69	2048	3.467734
70	0	4.8190354
70	64	4.767918
70	128	4.9422526
70	192	5.3481768
70	256	5.6167942
70	320	6.020643
70	384	6.4046074
70	448	5.848429
70	512	7.0657386
70	576	7.3783814
70	640	7.611583
70	704	7.9845998
70	768	7.8352622
70	832	7.3595862
70	896	7.0121274
70	960	6.5537164
70	1024	6.1206004
70	1088	5.8888836
70	1152	5.408152
70	1216	5.3545956
70	1280	5.0754058
70	1344	4.807139
70	1408	4.6342924
70	1472	4.2439304
70	1536	4.3211914
70	1600	3.42846
70	1664	4.0441234
70	1728	3.8112408
70	1792	3.7340866
70	1856	3.4187326
70	1920	3.4988896
70	1984	3.327998
70	2048	3.3491314
71	0	4.9291188
71	64	4.8031124
71	128	4.8642364
71	192	5.3188892
71	256	5.9769444
71	320	6.0985056
71	384	6.5910912
71	448	6.8326384
71	512	6.3570082
71	576	7.5894218
71	640	8.0509632
71	704	8.2663516
71	768	8.0390342
71	832	7.436064
71	896	6.941466
71	960	6.7467988
71	1024	6.2520924
71	1088	6.068885
71	1152	5.6267728
71	1216	5.427022
71	1280	5.1092674
71	1344	4.857519
71	1408	4.6820598
71	1472	4.5488376
71	1536	4.3496136
71	1600	4.1248892
71	1664	4.1208602
71	1728	3.9145684
71	1792	3.837959
71	1856	3.6619496
71	1920	3.5204094
71	1984	3.439757
71	2048	3.522209
72	0	3.8718828
72	64	4.8362272
72	128	5.019455
72	192	5.278436
72	256	5.7560462
72	320	6.0105168
72	384	6.4565162
72	448	6.8079484
72	512	7.1650172
72	576	6.1052562
72	640	7.86586
72	704	8.2053496
72	768	7.7769178
72	832	7.2602482
72	896	6.90778
72	960	6.5190876
72	1024	6.1892752
72	1088	5.8936446
72	1152	5.5988114
72	1216	5.308871
72	1280	5.0107688
72	1344	4.8857694
72	1408	4.599993
72	1472	4.4910342
72	1536	4.302207
72	1600	4.1391482
72	1664	3.9562452
72	1728	3.8011938
72	1792	3.712777
72	1856	3.5751898
72	1920	3.5010468
72	1984	3.3669316
72	2048	3.434083
73	0	4.7155728
73	64	4.9915086
73	128	5.206794
73	192	5.4285394
73	256	5.7499354
73	320	6.0714532
73	384	6.493272
73	448	6.7266296
73	512	7.2447702
73	576	7.7021444
73	640	7.7783954
73	704	8.4216242
73	768	8.0257532
73	832	7.0183502
73	896	7.111124
73	960	6.7029172
73	1024	6.3302684
73	1088	5.5914036
73	1152	5.689435
73	1216	5.362833
73	1280	5.2759768
73	1344	4.950613
73	1408	4.7381598
73	1472	4.5423308
73	1536	4.4100134
73	1600	4.2572738
73	1664	4.0511396
73	1728	3.909775
73	1792	3.746198
73	1856	3.7206062
73	1920	3.5096484
73	1984	3.4354058
73	2048	3.3920006
74	0	4.7251774
74	64	4.7051746
74	128	4.2625454
74	192	5.3941716
74	256	5.6795238
74	320	6.0347492
74	384	6.4243072
74	448	6.824909
74	512	7.1708868
74	576	7.4976248
74	640	7.87032
74	704	8.2951024
74	768	7.562805
74	832	7.2249786
74	896	6.9533844
74	960	6.528724
74	1024	6.2460094
74	1088	5.7410256
74	1152	5.578472
74	1216	5.297141
74	1280	5.046973
74	1344	4.8322056
74	1408	4.0574284
74	1472	4.415771
74	1536	3.1513384
74	1600	4.1225148
74	1664	3.9455098
74	1728	3.8551046
74	1792	3.1034658
74	1856	3.6066742
74	1920	3.4921292
74	1984	3.3855828
74	2048	3.4012752
75	0	4.9105462
75	64	4.9100838
75	128	5.0355342
75	192	5.536999
75	256	5.8996816
75	320	6.144646
75	384	6.455535
75	448	6.936799
75	512	7.409543
75	576	7.6062188
75	640	7.986223
75	704	8.600475
75	768	7.8207972
75	832	7.6357834
75	896	7.1975428
75	960	6.4685864
75	1024	6.4010822
75	1088	4.958447
75	1152	5.7049532
75	1216	5.1903012
75	1280	5.1110422
75	1344	4.8173938
75	1408	4.7428276
75	1472	4.448619
75	1536	4.3243178
75	1600	4.2151826
75	1664	4.0257288
75	1728	3.8649448
75	1792	3.1319576
75	1856	3.648768
75	1920	3.535665
75	1984	3.389739
75	2048	2.8979568
76	0	4.7910238
76	64	4.4433594
76	128	5.1309042
76	192	5.2197998
76	256	5.7388834
76	320	5.9258666
76	384	5.248116
76	448	4.2991706
76	512	7.1561828
76	576	7.4376936
76	640	7.8820254
76	704	8.2620946
76	768	7.783516
76	832	7.2358952
76	896	6.9825234
76	960	6.46926
76	1024	5.7096086
76	1088	4.8132484
76	1152	5.504781
76	1216	5.3353842
76	1280	5.0434216
76	1344	4.824192
76	1408	4.6070462
76	1472	4.4232282
76	1536	4.3035622
76	1600	4.0952486
76	1664	3.9513732
76	1728	3.8596488
76	1792	3.680732
76	1856	3.587105
76	1920	3.4004386
76	1984	3.3435554
76	2048	3.4035002
77	0	5.1998356
77	64	4.7878168
77	128	5.1409424
77	192	4.4966672
77	256	5.4312708
77	320	5.0907472
77	384	6.6028608
77	448	5.5096986
77	512	7.3360142
77	576	7.6103726
77	640	8.1183746
77	704	8.3597892
77	768	8.1102932
77	832	7.426991
77	896	5.7524124
77	960	6.6749578
77	1024	6.163269
77	1088	5.763152
77	1152	5.6015684
77	1216	5.4641848
77	1280	5.099065
77	1344	4.9840056
77	1408	4.2949828
77	1472	4.581191
77	1536	3.85615
77	1600	4.1794676
77	1664	4.0453074
77	1728	3.907001
77	1792	3.841125
77	1856	3.009471
77	1920	3.0204324
77	1984	3.42864
77	2048	3.4972734
78	0	4.8407674
78	64	4.8261218
78	128	4.9635414
78	192	5.3070972
78	256	5.6420446
78	320	5.5397998
78	384	6.0268686
78	448	5.5334954
78	512	7.1261276
78	576	7.4460182
78	640	7.7847792
78	704	8.3219712
78	768	7.6479158
78	832	5.964356
78	896	6.861312
78	960	6.4941826
78	1024	6.1740578
78	1088	5.5190902
78	1152	5.5963612
78	1216	5.3025418
78	1280	4.7987002
78	1344	4.8611428
78	1408	4.6422956
78	1472	4.4019694
78	1536	4.2012718
78	1600	4.1406712
78	1664	3.9731798
78	1728	3.8552972
78	1792	3.7265872
78	1856	3.5981426
78	1920	3.469986
78	1984	3.381384
78	2048	3.3631338
79	0	5.2290246
79	64	4.7829162
79	128	5.021278
79	192	5.2335628
79	256	5.395959
79	320	6.12131
79	384	6.1958802
79	448	6.9019396
79	512	7.1445038
79	576	6.2892226
79	640	7.8798128
79	704	8.383006
79	768	7.8670314
79	832	7.4893662
79	896	7.0574382
79	960	5.9195032
79	1024	6.1899402
79	1088	5.914767
79	1152	5.6936064
79	1216	5.4550174
79	1280	5.1107508
79	1344	4.9817752
79	1408	4.0628108
79	1472	4.47087
79	1536	4.3595786
79	1600	4.232156
79	1664	3.9919506
79	1728	3.8975012
79	1792	3.7232672
79	1856	3.6417872
79	1920	3.5332128
79	1984	3.3561104
79	2048	3.4585556
80	0	4.8189398
80	64	3.9821952
80	128	4.9996086
80	192	4.4169796
80	256	5.8632358
80	320	5.9184514
80	384	6.3113014
80	448	6.7226482
80	512	6.210396
80	576	7.4280458
80	640	7.7597746
80	704	8.3071284
80	768	7.8112904
80	832	7.088623
80	896	5.6242652
80	960	5.1891344
80	1024	6.1473672
80	1088	5.8609442
80	1152	5.578232
80	1216	5.3145294
80	1280	4.1709204
80	1344	4.814978
80	1408	4.5913026
80	1472	4.2799702
80	1536	4.1159868
80	1600	4.112106
80	1664	3.9432202
80	1728	3.808084
80	1792	3.7158372
80	1856	2.990669
80	1920	3.4508298
80	1984	2.2457702
80	2048	3.4210958
81	0	4.7926162
81	64	4.854484
81	128	5.0760246
81	192	4.4174302
81	256	5.829892
81	320	6.0287586
81	384	5.9736756
81	448	6.9443332
81	512	7.311798
81	576	7.6999926
81	640	8.0173746
81	704	8.2146774
81	768	7.8425048
81	832	7.2211494
81	896	7.0606164
81	960	6.4217784
81	1024	6.1492612
81	1088	6.0473454
81	1152	4.5976384
81	1216	5.427709
81	1280	5.1687658
81	1344	4.9210998
81	1408	4.7139768
81	1472	4.5711322
81	1536	4.4068154
81	1600	4.1814966
81	1664	4.0345616
81	1728	3.935284
81	1792	3.8177058
81	1856	3.06265
81	1920	3.4895634
81	1984	3.4681026
81	2048	3.4564896
82	0	4.715213
82	64	4.4872762
82	128	4.272198
82	192	4.37995
82	256	5.646683
82	320	6.0128956
82	384	6.3003452
82	448	6.4737558
82	512	7.0739742
82	576	7.5284474
82	640	7.162349
82	704	8.1993896
82	768	7.7421008
82	832	6.7710252
82	896	6.85136
82	960	6.5634158
82	1024	6.1572946
82	1088	5.8890092
82	1152	5.570159
82	1216	5.2649884
82	1280	4.9921342
82	1344	4.8233986
82	1408	4.613225
82	1472	4.3988186
82	1536	4.252171
82	1600	4.0540194
82	1664	3.9902254
82	1728	3.7767814
82	1792	3.6948748
82	1856	2.9955446
82	1920	3.3190324
82	1984	3.3619024
82	2048	3.4184156
83	0	5.2046746
83	64	4.742389
83	128	5.132577
83	192	4.4971014
83	256	5.7672982
83	320	6.055352
83	384	6.447021
83	448	6.8581134
83	512	7.3367064
83	576	7.6427866
83	640	7.9668756
83	704	8.5387722
83	768	7.8981024
83	832	7.4463728
83	896	5.7980562
83	960	6.455334
83	1024	6.2073846
83	1088	6.0259974
83	1152	5.5978948
83	1216	5.264002
83	1280	4.9217274
83	1344	4.9057998
83	1408	4.7204554
83	1472	4.5007084
83	1536	4.2446014
83	1600	4.1357278
83	1664	4.0316642
83	1728	3.8857756
83	1792	3.7857052
83	1856	3.602317
83	1920	3.5240652
83	1984	3.3746802
83	2048	3.4706568
84	0	4.7847854
84	64	4.7396532
84	128	5.0361406
84	192	5.4643926
84	256	5.7103218
84	320	5.9704488
84	384	6.3772256
84	448	6.2613242
84	512	7.1831186
84	576	7.446939
84	640	7.7767458
84	704	8.2740386
84	768	7.5345812
84	832	7.1457336
84	896	6.9317866
84	960	6.5643448
84	1024	6.0850298
84	1088	5.802274
84	1152	5.4977748
84	1216	5.3209632
84	1280	5.0154932
84	1344	4.85124
84	1408	4.6120672
84	1472	4.4671638
84	1536	3.8200328
84	1600	4.1025962
84	1664	3.2846038
84	1728	3.8470918
84	1792	3.6674762
84	1856	3.27466
84	1920	3.4223154
84	1984	3.3329242
84	2048	3.3926872
85	0	4.8065626
85	64	4.736852
85	128	5.1736518
85	192	4.4100508
85	256	5.9583776
85	320	6.1459102
85	384	5.9973432
85	448	6.886821
85	512	7.273873
85	576	7.3190866
85	640	7.100091
85	704	8.3981726
85	768	7.7912208
85	832	7.4886948
85	896	6.747905
85	960	6.4967868
85	1024	6.2373674
85	1088	5.8697492
85	1152	5.6560028
85	1216	4.465254
85	1280	5.1483714
85	1344	4.8615686
85	1408	4.70966
85	1472	4.5175296
85	1536	3.151103
85	1600	4.230436
85	1664	3.9842346
85	1728	3.9313924
85	1792	3.7612692
85	1856	3.017617
85	1920	3.5243032
85	1984	3.4444514
85	2048	2.9064602
86	0	4.9436232
86	64	4.7491916
86	128	4.9865982
86	192	5.2797106
86	256	5.8325976
86	320	6.0537154
86	384	6.4273232
86	448	6.7940728
86	512	7.1058468
86	576	7.5543302
86	640	7.8605638
86	704	8.1723082
86	768	7.7510156
86	832	7.2627988
86	896	6.8801376
86	960	6.5216472
86	1024	6.0358294
86	1088	5.7561802
86	1152	5.5468802
86	1216	5.285516
86	1280	5.0463704
86	1344	3.9875062
86	1408	4.5799846
86	1472	3.3329774
86	1536	3.9674248
86	1600	4.1032038
86	1664	3.4782142
86	1728	3.8266392
86	1792	3.7194288
86	1856	3.5449466
86	1920	3.4384764
86	1984	3.3384302
86	2048	3.387549
87	0	4.7303586
87	64	3.8790036
87	128	5.1995396
87	192	4.901519
87	256	6.0000176
87	320	6.1837468
87	384	6.6220654
87	448	7.0080232
87	512	7.2346928
87	576	7.5233536
87	640	8.0341148
87	704	8.3436084
87	768	7.7307462
87	832	7.4814316
87	896	7.119441
87	960	5.4643734
87	1024	6.1211152
87	1088	5.158797
87	1152	4.8890176
87	1216	5.3295904
87	1280	4.944915
87	1344	4.8534634
87	1408	3.80843
87	1472	4.5046928
87	1536	4.3312966
87	1600	4.1746332
87	1664	4.022866
87	1728	3.9204366
87	1792	3.7583108
87	1856	3.6406596
87	1920	3.5520286
87	1984	3.2472232
87	2048	3.3847078
88	0	4.7829424
88	64	4.6654128
88	128	5.0239372
88	192	5.300604
88	256	5.5566736
88	320	6.0398996
88	384	6.4393262
88	448	6.7609124
88	512	7.156465
88	576	7.4680278
88	640	7.8907414
88	704	8.2122216
88	768	7.8163666
88	832	7.2141336
88	896	6.8931984
88	960	6.4706408
88	1024	6.1349566
88	1088	5.853339
88	1152	5.5558324
88	1216	5.1538882
88	1280	5.0488856
88	1344	4.8568824
88	1408	4.5973708
88	1472	4.4418844
88	1536	4.280382
88	1600	3.4672278
88	1664	3.2148578
88	1728	3.8412372
88	1792	3.0432332
88	1856	2.9921408
88	1920	3.4299322
88	1984	3.3717746
88	2048	3.2621062
89	0	4.8725286
89	64	4.5672144
89	128	4.4494222
89	192	5.3506012
89	256	5.809789
89	320	6.2643874
89	384	6.425927
89	448	6.8865956
89	512	7.2945256
89	576	7.4191954
89	640	7.8513436
89	704	8.2844034
89	768	7.8094548
89	832	6.0510252
89	896	5.6331422
89	960	6.7000582
89	1024	5.180061
89	1088	5.7206476
89	1152	5.5878536
89	1216	5.4240888
89	1280	4.9325396
89	1344	4.950349
89	1408	4.6945052
89	1472	4.3725198
89	1536	3.5107494
89	1600	4.2223246
89	1664	4.022482
89	1728	3.5711872
89	1792	3.755937
89	1856	3.5432976
89	1920	3.4322778
89	1984	3.4486806
89	2048	3.441987
90	0	5.1022194
90	64	4.9997446
90	128	5.043921
90	192	5.3126972
90	256	4.9131688
90	320	4.3762896
90	384	6.4959526
90	448	6.7653932
90	512	7.0645146
90	576	7.4374296
90	640	6.372821
90	704	7.972889
90	768	7.7544904
90	832	7.3390904
90	896	6.6693232
90	960	5.1490556
90	1024	6.1234616
90	1088	5.6145238
90	1152	5.584335
90	1216	5.250637
90	1280	5.032925
90	1344	4.816999
90	1408	4.5952934
90	1472	4.4564738
90	1536	4.2559782
90	1600	4.105117
90	1664	3.9756018
90	1728	3.83679
90	1792	3.666686
90	1856	3.5706776
90	1920	3.4520004
90	1984	2.9317676
90	2048	3.4060854
91	0	4.8605628
91	64	4.831226
91	128	4.5033732
91	192	5.4461078
91	256	5.8920982
91	320	6.1871306
91	384	6.4923642
91	448	6.7610126
91	512	7.359559
91	576	7.5867144
91	640	7.933038
91	704	8.368622
91	768	6.125158
91	832	7.4041882
91	896	7.0204836
91	960	6.7475098
91	1024	6.3190114
91	1088	5.8599534
91	1152	5.64
91	1216	4.4417068
91	1280	5.0826928
91	1344	4.9494648
91	1408	4.572904
91	1472	4.4279134
91	1536	4.3223796
91	1600	3.3987938
91	1664	3.8976642
91	1728	3.8853636
91	1792	3.754706
91	1856	3.6002398
91	1920	3.5026226
91	1984	3.4117886
91	2048	3.4423268
92	0	4.7528182
92	64	4.7005434
92	128	4.9855232
92	192	5.4157998
92	256	5.7595994
92	320	5.9824252
92	384	6.4634936
92	448	6.6970046
92	512	5.6479524
92	576	7.488987
92	640	7.1684896
92	704	8.2981528
92	768	6.3394242
92	832	7.242568
92	896	5.6283688
92	960	6.4468836
92	1024	6.1153356
92	1088	5.797561
92	1152	5.5664714
92	1216	5.3010112
92	1280	5.0604804
92	1344	4.752421
92	1408	4.6118784
92	1472	4.4588794
92	1536	4.2419376
92	1600	3.7358906
92	1664	3.9745308
92	1728	3.8345996
92	1792	3.6033492
92	1856	3.5710222
92	1920	3.4176926
92	1984	3.372205
92	2048	3.3839152
93	0	4.7881786
93	64	4.7243254
93	128	5.1333912
93	192	5.589021
93	256	5.803258
93	320	5.947615
93	384	6.5995828
93	448	6.8906496
93	512	7.3109106
93	576	7.5309396
93	640	7.8804282
93	704	8.3743806
93	768	7.886098
93	832	7.4093054
93	896	6.744258
93	960	6.6225398
93	1024	5.2830498
93	1088	5.941782
93	1152	5.6831974
93	1216	5.4027644
93	1280	5.1755968
93	1344	4.8916486
93	1408	4.6722536
93	1472	4.5361414
93	1536	4.3268976
93	1600	4.1995896
93	1664	3.985101
93	1728	3.8278158
93	1792	3.7811502
93	1856	3.647793
93	1920	3.5452118
93	1984	3.3718642
93	2048	3.4636706
94	0	4.7181724
94	64	4.7028212
94	128	4.9392328
94	192	5.3459654
94	256	5.7255184
94	320	6.123653
94	384	6.5230844
94	448	6.7534
94	512	7.0265724
94	576	7.4328704
94	640	7.8309632
94	704	8.2447894
94	768	7.1764156
94	832	7.2856862
94	896	6.9367542
94	960	6.5367406
94	1024	5.049948
94	1088	5.7536814
94	1152	5.5278156
94	1216	5.2651262
94	1280	5.028688
94	1344	4.651768
94	1408	4.5889174
94	1472	4.4234006
94	1536	4.2528704
94	1600	3.9183508
94	1664	3.9435596
94	1728	3.806731
94	1792	3.6998056
94	1856	3.5631012
94	1920	3.4228504
94	1984	3.3336828
94	2048	3.3768222
95	0	4.8111808
95	64	3.3902662
95	128	5.0548002
95	192	5.4705482
95	256	5.8338726
95	320	6.1599602
95	384	6.6724052
95	448	6.928229
95	512	7.344519
95	576	7.6102376
95	640	6.8060094
95	704	8.4070128
95	768	7.8214536
95	832	7.4305708
95	896	7.0406702
95	960	6.6960548
95	1024	6.2348388
95	1088	6.0040812
95	1152	5.6198894
95	1216	5.361467
95	1280	5.1159062
95	1344	4.9079962
95	1408	4.6316092
95	1472	4.3083898
95	1536	4.365151
95	1600	4.2022592
95	1664	4.040162
95	1728	3.8464796
95	1792	3.6924376
95	1856	3.6496186
95	1920	3.5453036
95	1984	3.4264832
95	2048	3.4640168
96	0	4.775618
96	64	4.6609258
96	128	4.964952
96	192	5.2373168
96	256	5.4330644
96	320	6.0153852
96	384	6.2971978
96	448	6.7859216
96	512	6.987252
96	576	7.3710504
96	640	6.5949224
96	704	8.282607
96	768	7.765717
96	832	7.336594
96	896	6.8428238
96	960	6.4810134
96	1024	6.1082858
96	1088	5.874601
96	1152	5.5309214
96	1216	5.3064428
96	1280	5.0552376
96	1344	4.7597638
96	1408	4.5816602
96	1472	4.4320734
96	1536	3.8049866
96	1600	4.127834
96	1664	3.9354642
96	1728	3.0911022
96	1792	3.4424136
96	1856	3.3400672
96	1920	3.4279242
96	1984	3.369977
96	2048	3.157999
97	0	4.7752772
97	64	4.7946372
97	128	4.221883
97	192	5.3711938
97	256	5.023176
97	320	5.9857176
97	384	6.5070784
97	448	6.962274
97	512	7.0716176
97	576	7.1084802
97	640	8.1001248
97	704	8.431686
97	768	7.8974014
97	832	7.4414318
97	896	6.9472992
97	960	6.6683762
97	1024	6.0738974
97	1088	5.869359
97	1152	5.5334914
97	1216	4.2910442
97	1280	4.643212
97	1344	4.0161486
97	1408	4.6723232
97	1472	4.4556938
97	1536	3.952698
97	1600	3.4678736
97	1664	4.0008344
97	1728	3.901755
97	1792	3.6994198
97	1856	3.6275158
97	1920	3.408067
97	1984	3.366245
97	2048	3.2407424
98	0	4.7354456
98	64	4.5266576
98	128	5.3774232
98	192	5.3369282
98	256	5.687464
98	320	5.3480974
98	384	6.456573
98	448	6.3135198
98	512	7.12089
98	576	7.4482914
98	640	7.82606
98	704	8.2113472
98	768	7.8425736
98	832	7.2703476
98	896	6.8593654
98	960	5.826662
98	1024	6.1164006
98	1088	5.8415316
98	1152	5.1059592
98	1216	5.2645156
98	1280	4.804751
98	1344	4.7837088
98	1408	4.6052646
98	1472	4.3498186
98	1536	4.2266842
98	1600	4.1016446
98	1664	3.9236106
98	1728	3.7590864
98	1792	3.679029
98	1856	3.5264542
98	1920	3.466611
98	1984	3.3601646
98	2048	3.389362
99	0	4.7200022
99	64	5.0051562
99	128	5.2323508
99	192	5.4565366
99	256	6.004488
99	320	6.140574
99	384	6.4544478
99	448	6.8110914
99	512	7.1721622
99	576	7.6589222
99	640	7.8900434
99	704	8.2532566
99	768	7.9387292
99	832	7.4438762
99	896	6.8410424
99	960	6.6597368
99	1024	6.2017276
99	1088	5.9040468
99	1152	5.6617486
99	1216	5.2372006
99	1280	5.0998172
99	1344	3.9586204
99	1408	4.6763516
99	1472	4.5406276
99	1536	3.5518296
99	1600	4.1744836
99	1664	4.0003338
99	1728	3.3952164
99	1792	3.638033
99	1856	3.6426472
99	1920	3.4641312
99	1984	2.7365696
99	2048	3.4539486
100	0	4.7489658
100	64	4.6566948
100	128	4.9039196
100	192	5.3986232
100	256	5.6953406
100	320	6.1558764
100	384	6.0445412
100	448	6.5669334
100	512	7.0809806
100	576	7.3658976
100	640	7.8652818
100	704	8.2655268
100	768	7.8190236
100	832	6.262042
100	896	6.8773734
100	960	6.487062
100	1024	6.1111536
100	1088	5.8207934
100	1152	5.46974
100	1216	5.268063
100	1280	5.0323008
100	1344	4.8030584
100	1408	4.5960326
100	1472	4.443589
100	1536	4.2668352
100	1600	4.1092116
100	1664	3.966146
100	1728	3.2370412
100	1792	3.6557438
100	1856	3.5300634
100	1920	3.4496966
100	1984	3.342174
100	2048	3.3446524
#END : lundi 14 mai 2012, 04:54:30 (UTC+0200)
